1:  35.0,35.0,50.0 : 70.0,70.0
1:  35.0,35.0,50.0 : 70.0,70.0
2:  19.285714285714285,5.185185185185185,40.0 : 38.57142857142857,10.37037037037037
3:  54.285714285714285,7.954545454545455,40.0 : 31.42857142857143,15.90909090909091
4:  19.285714285714285,40.18518518518519,40.0 : 38.57142857142857,59.62962962962963
5:  12.857142857142856,26.632996632996633,30.0 : 25.71428571428571,32.525252525252526
6:  54.285714285714285,57.27272727272727,40.0 : 31.42857142857143,25.454545454545453
7:  47.55102040816326,50.90909090909091,30.0 : 17.959183673469386,12.727272727272727
8:  17.357142857142858,56.447811447811446,30.0 : 34.714285714285715,27.104377104377107
9:  12.857142857142856,21.986531986531986,20.0 : 25.71428571428571,23.232323232323232
10:  6.428571428571428,38.249158249158256,20.0 : 12.857142857142856,9.292929292929294
11:  63.265306122448976,57.27272727272727,30.0 : 13.469387755102044,25.454545454545453
12:  46.42857142857143,3.9772727272727275,30.0 : 15.714285714285715,7.954545454545455
13:  19.285714285714285,38.249158249158256,20.0 : 12.857142857142856,9.292929292929294
14:  47.55102040816326,50.90909090909091,20.0 : 17.959183673469386,12.727272727272727
15:  63.265306122448976,57.27272727272727,20.0 : 13.469387755102044,25.454545454545453
16:  10.848214285714286,56.447811447811446,20.0 : 21.696428571428573,27.104377104377107
17:  6.428571428571428,21.986531986531986,10.0 : 12.857142857142856,23.232323232323232
18:  54.285714285714285,30.227272727272727,40.0 : 31.42857142857143,28.636363636363637
19:  48.39285714285714,30.227272727272727,30.0 : 19.642857142857146,28.636363636363637
20:  5.424107142857143,49.67171717171717,10.0 : 10.848214285714286,13.552188552188554
21:  64.10714285714286,20.681818181818183,30.0 : 11.785714285714285,9.545454545454545
22:  28.205357142857146,56.447811447811446,20.0 : 13.017857142857142,27.104377104377107
23:  64.10714285714286,35.0,30.0 : 11.785714285714285,19.090909090909093
24:  5.424107142857143,63.22390572390572,10.0 : 10.848214285714286,13.552188552188554
25:  19.285714285714285,21.986531986531986,10.0 : 12.857142857142856,23.232323232323232
26:  19.285714285714285,5.185185185185185,30.0 : 38.57142857142857,10.37037037037037
27:  9.642857142857142,5.185185185185185,20.0 : 19.285714285714285,10.37037037037037
28:  43.06122448979592,63.63636363636364,30.0 : 8.979591836734693,12.727272727272727
29:  28.205357142857146,49.67171717171717,10.0 : 13.017857142857142,13.552188552188554
30:  32.14285714285714,26.632996632996633,30.0 : 12.857142857142858,32.525252525252526
31:  32.14285714285714,26.632996632996633,20.0 : 12.857142857142858,32.525252525252526
32:  48.39285714285714,23.06818181818182,20.0 : 19.642857142857146,14.318181818181818
33:  63.265306122448976,57.27272727272727,10.0 : 13.469387755102044,25.454545454545453
34:  64.10714285714286,35.0,20.0 : 11.785714285714285,19.090909090909093
35:  48.39285714285714,23.06818181818182,10.0 : 19.642857142857146,14.318181818181818
36:  28.205357142857146,63.22390572390572,10.0 : 13.017857142857142,13.552188552188554
37:  48.39285714285714,37.38636363636363,20.0 : 19.642857142857146,14.318181818181818
38:  32.14285714285714,26.632996632996633,10.0 : 12.857142857142858,32.525252525252526
39:  48.39285714285714,37.38636363636363,10.0 : 19.642857142857146,14.318181818181818
40:  32.14285714285714,26.632996632996633,0.0 : 12.857142857142858,32.525252525252526
41:  16.27232142857143,49.67171717171717,10.0 : 10.848214285714286,13.552188552188554
42:  52.04081632653061,63.63636363636364,30.0 : 8.979591836734693,12.727272727272727
43:  19.285714285714285,21.986531986531986,0.0 : 12.857142857142856,23.232323232323232
44:  6.428571428571428,21.986531986531986,0.0 : 12.857142857142856,23.232323232323232
45:  62.14285714285714,3.9772727272727275,30.0 : 15.714285714285715,7.954545454545455
46:  46.42857142857143,11.931818181818183,30.0 : 15.714285714285715,7.954545454545455
47:  62.14285714285714,11.931818181818183,30.0 : 15.714285714285715,7.954545454545455
48:  28.928571428571427,5.185185185185185,20.0 : 19.285714285714285,10.37037037037037
49:  36.64285714285714,56.447811447811446,30.0 : 3.857142857142854,27.104377104377107
50:  16.27232142857143,63.22390572390572,10.0 : 10.848214285714286,13.552188552188554
(1 2)
(2 26)
(26 27)
(26 48)
(1 3)
(3 12)
(3 45)
(3 46)
(3 47)
(1 4)
(4 5)
(5 9)
(9 17)
(17 44)
(9 25)
(25 43)
(5 10)
(5 13)
(4 8)
(8 16)
(16 20)
(16 24)
(16 41)
(16 50)
(8 22)
(22 29)
(22 36)
(4 30)
(30 31)
(31 38)
(38 40)
(4 49)
(1 6)
(6 7)
(7 14)
(6 11)
(11 15)
(15 33)
(6 28)
(6 42)
(1 18)
(18 19)
(19 32)
(32 35)
(19 37)
(37 39)
(18 21)
(18 23)
(23 34)
